1 10 186 0.09 0.06 88.17
1 3 1453 0.08 0.14 86.77
1 5 1297 0.31 0.07 87.07
2 7 2527 0.13 0.36 86.18
2 3 1265 0.03 0.25 84.41
4 5 261 0.18 0.05 51.88
1 8 1160 0.29 0.19 86.77
3 9 1468 0.18 0.13 86.25
4 4 838 0.14 0.06 62.31
3 6 2713 0.21 0.15 86.10
1 1 2402 0.09 0.36 84.77
4 6 1325 0.11 0.22 85.14
4 6 434 0.33 0.39 86.77
1 5 2825 0.04 0.08 86.92
1 3 2181 0.06 0.06 86.25
4 10 2605 0.13 0.02 85.37
3 4 605 0.19 0.23 83.67
1 9 177 0.01 0.25 87.21
1 7 793 0.13 0.1 87.07
3 7 1240 0.12 0.2 85.88
2 4 319 0.05 0.07 86.03
3 1 275 0.34 0.25 84.70
2 9 985 0.09 0.11 87.80
4 4 1870 0.12 0.4 84.77
2 1 847 0.37 0.02 84.33
2 6 2365 0.01 0.14 86.62
1 5 1147 0.06 0.05 86.10
3 8 830 0.06 0.26 85.59
1 5 1688 0.37 0.3 87.07
2 8 2011 0.15 0.23 86.40
3 7 623 0.4 0.18 85.96
1 6 2372 0.17 0.01 86.47
1 6 1498 0.08 0.08 87.44
1 1 2064 0.05 0.06 84.41
2 3 788 0.28 0.34 83.89
1 7 2092 0.3 0.32 87.95
3 4 1464 0.35 0.2 85.00
1 1 1098 0.34 0.02 84.70
2 4 1474 0.05 0.27 85.81
2 2 2057 0.29 0.19 85.07
1 9 1503 0.05 0.06 86.99
2 6 2930 0.37 0.31 87.07
1 7 685 0.27 0.07 85.66
4 1 2170 0.3 0.29 51.88
4 7 1341 0.4 0.23 85.74
2 9 493 0.07 0.22 86.70
4 1 644 0.35 0.16 51.88
2 6 223 0.28 0.31 86.84
3 5 2203 0.19 0.18 86.18
3 3 492 0.24 0.29 82.78
4 1 2008 0.19 0.07 51.88
4 4 1076 0.32 0.04 62.31
3 8 2773 0.13 0.08 85.44
3 3 1990 0.23 0.36 84.26
1 9 346 0.4 0.13 88.03
3 1 2364 0.31 0.16 84.33
1 2 1021 0.14 0.06 85.88
4 4 2571 0.4 0.26 85.59
1 5 467 0.39 0.14 87.73
1 10 382 0.18 0.09 87.58
4 1 2181 0.4 0.24 51.88
1 7 2662 0.37 0.1 86.92
3 5 126 0.01 0.05 51.88
2 1 1548 0.04 0.17 84.63
1 5 1251 0.25 0.15 87.51
3 6 766 0.38 0.06 86.70
3 7 2955 0.11 0.01 85.88
2 9 458 0.01 0.26 87.88
2 3 932 0.08 0.27 83.07
1 5 724 0.36 0.37 86.62
4 3 726 0.14 0.2 62.90
2 9 2293 0.16 0.27 86.92
4 9 671 0.21 0.38 85.66
4 5 2679 0.05 0.19 84.55
2 9 1833 0.15 0.24 84.70
4 7 1661 0.08 0.07 86.03
2 5 1869 0.04 0.34 86.70
2 4 1930 0.11 0.34 86.92
3 7 1698 0.15 0.1 85.29
1 9 2779 0.04 0.24 86.62
2 5 718 0.18 0.27 85.59
3 4 276 0.2 0.32 84.48
2 5 2451 0.26 0.17 86.70
4 8 1099 0.15 0.11 85.14
3 1 2597 0.09 0.11 84.48
3 6 892 0.19 0.19 85.14
2 10 1698 0.1 0.03 87.21
3 2 2807 0.12 0.2 85.29
4 7 393 0.09 0.04 51.88
4 10 2903 0.1 0.26 86.33
4 9 2990 0.18 0.13 85.00
3 4 541 0.22 0.29 84.92
2 1 2262 0.15 0.34 84.18
1 5 2368 0.25 0.2 87.95
2 6 2438 0.08 0.22 85.14
2 1 1213 0.3 0.06 84.55
3 1 706 0.1 0.12 84.85
4 10 210 0.22 0.1 51.88
3 9 461 0.05 0.04 84.26
3 1 1122 0.17 0.23 84.33