1 5 1583 0.31 0.08 86.10
2 1 375 0.19 0.31 84.63
4 5 565 0.21 0.11 63.49
2 6 2284 0.39 0.1 85.74
2 1 2658 0.08 0.31 84.77
3 7 2351 0.37 0.4 86.70
1 5 1705 0.21 0.11 86.25
3 5 1874 0.16 0.11 85.29
1 6 2701 0.06 0.11 86.92
2 6 1917 0.36 0.11 86.84
3 6 1801 0.23 0.11 85.29
3 9 2126 0.35 0.36 86.99
4 9 2814 0.03 0.19 86.33
2 3 961 0.35 0.15 85.22
4 6 1567 0.27 0.15 85.37
3 1 2395 0.39 0.29 84.85
4 6 1671 0.27 0.2 86.47
2 10 123 0.01 0.4 87.58
1 3 2461 0.13 0.11 85.88
1 5 2098 0.14 0.27 88.03
2 1 2847 0.37 0.25 84.70
2 7 2623 0.31 0.38 85.37
1 10 1358 0.4 0.04 86.99
4 3 2021 0.15 0.26 85.07
3 3 1923 0.19 0.1 84.92
4 8 2450 0.4 0.07 85.88
2 2 226 0.2 0.37 83.37
4 2 1414 0.2 0.02 51.88
4 10 827 0.3 0.38 85.51
1 4 2990 0.3 0.12 87.95
4 4 2216 0.2 0.09 84.11
1 5 163 0.36 0.18 87.80
2 2 2339 0.36 0.1 85.59
1 6 2794 0.11 0.03 87.88
4 5 1059 0.09 0.27 85.37
4 8 2955 0.37 0.09 84.55
1 4 2388 0.34 0.04 86.18
1 5 2508 0.22 0.38 87.14
4 10 1516 0.34 0.15 85.37
3 4 339 0.26 0.24 84.41
1 6 1343 0.1 0.22 87.21
2 8 1704 0.15 0.12 85.88
2 3 1463 0.3 0.28 84.26
4 4 352 0.21 0.29 62.82
1 2 711 0.06 0.37 83.81
2 9 2976 0.32 0.34 86.77
1 5 923 0.02 0.27 88.17
3 7 792 0.23 0.38 86.10
1 2 1101 0.26 0.21 84.11
1 1 2705 0.02 0.2 84.48
3 5 1439 0.25 0.33 86.03
4 8 2157 0.14 0.14 86.25
2 5 2598 0.07 0.21 87.58
3 8 311 0.1 0.24 86.33
3 10 563 0.07 0.04 85.44
3 10 1791 0.27 0.27 85.66
4 6 2460 0.16 0.17 85.81
4 5 462 0.07 0.35 84.63
2 2 2687 0.14 0.22 84.85
3 5 1673 0.21 0.03 87.07
4 9 1721 0.11 0.06 84.70
2 6 1231 0.35 0.37 85.81
2 7 957 0.18 0.04 86.92
2 2 2354 0.15 0.38 82.93
2 10 2292 0.18 0.21 85.59
4 10 452 0.15 0.25 86.62
3 4 2453 0.29 0.33 85.44
1 7 1931 0.19 0.05 86.18
1 6 980 0.33 0.32 87.66
2 9 2357 0.29 0.33 86.18
1 2 255 0.31 0.22 83.67
3 8 529 0.39 0.05 86.55
4 10 2723 0.3 0.19 86.10
3 9 319 0.32 0.22 86.25
1 6 2829 0.33 0.33 86.18
2 1 2950 0.35 0.22 84.33
1 7 1001 0.16 0.24 87.29
3 10 1502 0.03 0.13 86.25
4 9 1161 0.08 0.1 85.22
3 7 433 0.3 0.17 85.66
4 2 1841 0.13 0.35 62.38
2 9 131 0.12 0.1 87.36
1 5 941 0.33 0.33 86.92
2 10 1274 0.3 0.32 86.99
4 7 141 0.28 0.31 62.97
3 5 1405 0.15 0.4 85.96
2 8 2030 0.36 0.31 86.10
3 4 1024 0.07 0.06 83.74
2 7 2934 0.4 0.38 85.00
4 5 2174 0.33 0.29 87.29
1 4 1593 0.4 0.19 87.80
1 4 321 0.09 0.36 85.88
2 2 2818 0.1 0.15 85.37
3 4 1719 0.29 0.2 84.48
3 5 2475 0.06 0.37 85.07
1 9 276 0.19 0.36 87.44
3 5 1697 0.11 0.27 84.70
1 2 2224 0.35 0.19 83.30
1 10 1854 0.12 0.22 86.70
1 2 1763 0.19 0.29 83.52