1 5 1126 0.39 0.15 86.77
1 10 2865 0.3 0.11 87.36
1 8 2173 0.14 0.11 86.40
2 4 2193 0.02 0.11 85.81
3 1 531 0.37 0.3 84.41
4 4 2726 0.39 0.06 84.11
3 9 745 0.16 0.28 86.18
3 6 2002 0.22 0.3 86.03
3 10 2998 0.27 0.11 86.47
4 2 2118 0.38 0.1 51.88
1 7 1786 0.15 0.27 86.92
1 5 135 0.19 0.16 86.84
2 4 183 0.37 0.27 86.40
3 8 1427 0.37 0.01 82.93
2 4 2976 0.1 0.14 86.18
3 4 1851 0.11 0.01 58.68
2 3 1645 0.36 0.07 84.55
4 6 2895 0.13 0.03 85.14
1 3 771 0.14 0.3 84.92
4 5 2903 0.13 0.34 85.37
1 6 1095 0.2 0.03 87.36
1 10 1871 0.03 0.13 86.70
4 5 496 0.38 0.03 51.88
1 2 523 0.34 0.32 83.15
4 5 2047 0.4 0.38 84.92
3 10 511 0.31 0.25 85.96
3 5 233 0.06 0.28 85.51
1 10 2695 0.27 0.2 86.40
4 3 1008 0.16 0.08 51.88
2 9 2716 0.11 0.12 86.84
1 6 2382 0.02 0.14 86.70
3 10 1650 0.08 0.25 85.66
1 5 2444 0.11 0.15 86.84
4 3 1606 0.29 0.09 84.26
1 4 985 0.26 0.17 85.59
1 10 997 0.26 0.01 87.44
2 8 2379 0.31 0.27 85.88
4 6 613 0.29 0.21 85.74
3 7 124 0.25 0.23 85.44
2 3 854 0.2 0.09 85.07
1 10 821 0.02 0.09 87.73
3 9 208 0.21 0.16 86.33
2 3 814 0.35 0.1 84.55
2 8 1596 0.11 0.38 86.47
4 7 2989 0.29 0.24 84.85
2 7 2913 0.38 0.27 85.81
1 7 456 0.05 0.23 86.25
3 6 1360 0.13 0.27 85.44
1 5 2193 0.32 0.23 87.73
4 1 1389 0.4 0.32 51.88
3 7 112 0.06 0.01 51.88
2 3 650 0.23 0.35 83.96
1 4 1792 0.22 0.38 85.51
4 6 1118 0.26 0.05 63.34
1 7 2036 0.01 0.36 86.70
3 7 825 0.18 0.3 85.59
2 4 644 0.06 0.06 85.59
1 10 1649 0.26 0.07 86.84
2 1 155 0.29 0.17 84.41
4 8 2087 0.03 0.4 85.29
3 8 123 0.03 0.36 87.21
4 2 205 0.11 0.09 51.88
3 1 2148 0.32 0.31 84.63
1 4 1203 0.06 0.39 86.03
2 5 715 0.17 0.14 86.84
2 6 1230 0.28 0.4 87.07
2 2 2243 0.3 0.37 83.74
3 9 262 0.35 0.14 86.33
1 9 2312 0.04 0.35 86.70
4 5 2453 0.36 0.25 84.26
1 4 1396 0.13 0.14 87.51
1 1 1360 0.28 0.08 84.26
4 9 1334 0.36 0.36 86.84
4 8 2459 0.33 0.17 87.07
1 3 2142 0.31 0.11 86.62
2 8 199 0.26 0.1 87.80
2 4 162 0.01 0.04 84.41
1 6 1757 0.31 0.07 86.99
1 1 1184 0.01 0.13 83.96
3 7 2503 0.16 0.11 85.07
4 1 2528 0.34 0.06 51.88
4 5 1153 0.32 0.19 86.10
3 8 1093 0.1 0.25 84.63
3 8 1399 0.31 0.25 86.18
3 5 1913 0.12 0.34 84.70
3 3 1628 0.19 0.28 83.81
4 10 1117 0.4 0.09 84.92
1 4 2092 0.2 0.25 86.99
4 7 170 0.11 0.09 51.88
4 6 2068 0.2 0.11 86.10
2 8 262 0.07 0.34 87.29
2 4 2481 0.03 0.28 84.26
4 2 1671 0.4 0.04 51.88
2 1 1191 0.32 0.04 83.96
2 8 1270 0.05 0.28 86.55
2 9 1950 0.16 0.02 86.62
3 3 1452 0.28 0.02 85.44
3 1 137 0.36 0.16 63.19
1 9 1369 0.2 0.26 85.96
3 3 515 0.38 0.26 83.81