4 9 683 0.38 0.4 86.03
3 5 1536 0.25 0.3 85.59
1 3 489 0.01 0.36 84.18
3 1 1884 0.21 0.07 84.33
1 10 1665 0.22 0.1 87.07
1 6 551 0.07 0.17 86.03
4 1 2102 0.23 0.05 51.88
1 6 230 0.4 0.2 85.88
4 9 1106 0.04 0.13 85.29
3 3 1395 0.09 0.13 85.00
4 5 2956 0.05 0.25 84.63
4 5 189 0.14 0.05 51.88
3 8 2855 0.34 0.08 85.29
1 9 578 0.39 0.25 88.25
3 4 1810 0.31 0.1 84.48
3 7 2625 0.06 0.18 85.96
3 1 967 0.37 0.39 84.55
3 3 1136 0.15 0.13 83.81
4 1 2394 0.1 0.3 51.88
1 6 2802 0.31 0.14 85.88
3 10 1874 0.22 0.03 85.44
3 6 1815 0.17 0.23 85.88
2 7 1740 0.1 0.23 87.36
3 10 1209 0.13 0.1 86.40
2 7 2345 0.06 0.01 86.03
1 2 2905 0.2 0.04 86.18
3 7 1116 0.27 0.17 84.18
4 3 3000 0.3 0.37 84.70
3 1 843 0.14 0.07 84.18
1 7 426 0.16 0.03 87.36
3 8 2247 0.09 0.23 85.81
1 6 362 0.28 0.16 86.70
1 9 1999 0.15 0.07 87.36
1 3 1246 0.03 0.38 84.04
2 7 2858 0.13 0.23 86.84
1 7 1599 0.17 0.28 86.10
2 9 902 0.36 0.22 87.29
1 10 2308 0.15 0.37 87.58
2 7 3000 0.17 0.36 87.29
3 7 1370 0.1 0.02 85.29
3 2 1130 0.35 0.1 84.41
3 2 2805 0.02 0.29 84.48
3 10 297 0.25 0.07 87.88
2 4 1984 0.38 0.27 85.00
2 1 1799 0.13 0.35 84.33
4 9 577 0.22 0.02 51.88
1 7 1357 0.25 0.16 86.84
2 7 1088 0.2 0.11 86.40
4 8 2063 0.37 0.09 85.00
3 8 1270 0.37 0.4 86.99
2 3 2109 0.21 0.01 83.96
3 2 2047 0.14 0.06 84.85
1 8 1567 0.19 0.4 87.66
2 3 1489 0.06 0.1 85.74
4 4 2201 0.08 0.14 84.18
4 1 2449 0.36 0.39 51.88
3 2 965 0.21 0.1 84.41
2 4 2712 0.35 0.28 86.70
2 7 2975 0.38 0.4 86.62
2 9 2960 0.32 0.03 85.88
3 5 2872 0.36 0.22 85.96
4 1 2829 0.2 0.24 51.88
2 7 1028 0.1 0.28 87.21
2 5 1986 0.01 0.11 85.81
1 5 946 0.02 0.03 86.25
2 7 2839 0.23 0.37 86.92
2 6 851 0.17 0.15 85.44
4 9 278 0.29 0.32 85.81
2 9 1440 0.34 0.01 86.77
4 6 706 0.24 0.01 51.88
2 6 1460 0.33 0.4 86.84
4 4 1477 0.07 0.17 85.14
4 1 1022 0.27 0.03 51.88
3 3 1170 0.18 0.33 84.85
3 4 1176 0.18 0.04 85.88
1 1 1967 0.12 0.03 84.55
1 7 2292 0.32 0.12 87.66
2 1 2791 0.27 0.03 84.48
3 10 1407 0.01 0.15 86.10
1 6 1600 0.33 0.31 86.40
1 2 1211 0.04 0.1 85.81
4 6 1489 0.3 0.21 86.70
1 8 648 0.18 0.22 87.58
2 2 2584 0.13 0.05 84.55
3 10 2946 0.06 0.14 85.00
2 3 634 0.02 0.07 85.37
2 4 1800 0.18 0.32 84.41
2 7 2964 0.2 0.38 85.37
3 6 1008 0.08 0.05 85.14
3 4 934 0.01 0.02 84.77
1 5 1925 0.38 0.03 86.18
1 8 262 0.21 0.02 87.58
3 8 2364 0.34 0.2 86.33
4 8 2374 0.07 0.26 85.00
1 6 2578 0.28 0.06 86.99
1 6 2868 0.32 0.11 87.66
2 6 1062 0.26 0.35 86.10
2 6 2646 0.35 0.21 86.70
4 9 1129 0.39 0.11 85.14
1 2 1707 0.28 0.34 82.85
