2 5 400 0.34 0.19 86.55
4 2 1561 0.01 0.1 51.88
1 3 839 0.37 0.4 85.66
2 7 1878 0.14 0.32 85.59
1 7 188 0.24 0.22 87.29
2 1 672 0.21 0.04 84.04
3 10 1013 0.29 0.14 85.59
1 2 2377 0.32 0.19 83.96
3 10 1715 0.27 0.36 85.88
4 2 827 0.15 0.14 51.88
4 4 570 0.26 0.33 84.70
1 10 433 0.05 0.25 86.40
2 8 806 0.31 0.24 87.66
4 5 1020 0.16 0.06 73.54
4 1 1449 0.17 0.19 51.88
4 10 2390 0.24 0.36 86.70
4 10 1627 0.4 0.23 85.14
3 2 430 0.26 0.21 84.55
4 7 1693 0.28 0.19 86.33
2 9 2225 0.15 0.36 86.40
4 6 1422 0.02 0.38 84.63
3 2 2866 0.18 0.07 84.04
4 2 620 0.21 0.36 51.88
3 1 450 0.16 0.17 84.18
3 5 2386 0.15 0.16 84.55
3 9 2509 0.02 0.3 85.59
4 10 231 0.32 0.26 84.85
4 10 2593 0.36 0.3 87.21
4 7 1880 0.18 0.24 86.99
3 8 863 0.22 0.03 84.85
1 5 1742 0.12 0.13 87.21
2 6 2685 0.39 0.27 87.36
2 8 1813 0.03 0.17 86.70
4 6 2401 0.38 0.4 86.55
3 5 2185 0.26 0.04 85.51
2 9 2308 0.2 0.16 86.18
4 7 1312 0.19 0.2 85.74
1 9 2107 0.24 0.3 86.33
1 1 2599 0.18 0.36 84.85
2 1 2486 0.23 0.1 84.70
3 9 1256 0.13 0.4 85.37
2 6 2809 0.12 0.35 86.70
3 6 2803 0.14 0.24 85.88
3 8 2457 0.4 0.19 85.96
4 8 2408 0.2 0.11 84.77
4 8 2854 0.14 0.03 85.59
2 7 2945 0.23 0.15 86.77
3 2 997 0.35 0.18 84.48
1 10 747 0.28 0.25 87.07
3 1 135 0.02 0.29 73.69
1 7 2191 0.33 0.08 86.03
4 7 2269 0.33 0.3 85.88
2 7 1523 0.09 0.35 85.96
4 4 1147 0.11 0.3 82.63
3 5 1998 0.18 0.09 84.18
1 10 816 0.35 0.25 86.70
2 7 538 0.25 0.02 86.84
4 1 1034 0.34 0.23 51.88
4 7 1232 0.08 0.33 85.51
2 5 1543 0.27 0.2 86.10
2 3 1562 0.06 0.03 85.51
3 3 2276 0.12 0.33 85.37
4 10 2865 0.14 0.1 85.00
3 6 1078 0.14 0.34 86.18
1 8 2846 0.14 0.4 87.36
4 9 367 0.05 0.14 73.39
2 6 780 0.01 0.15 84.77
3 3 1406 0.09 0.07 86.84
3 7 1198 0.37 0.19 85.88
2 10 782 0.07 0.15 85.96
1 8 843 0.3 0.34 86.99
2 3 2493 0.25 0.16 85.14
3 4 2492 0.11 0.01 85.00
1 6 377 0.09 0.12 86.77
1 8 1755 0.2 0.24 87.73
3 10 727 0.02 0.05 86.10
1 10 1714 0.33 0.08 87.07
3 1 1821 0.34 0.24 84.26
4 6 2863 0.28 0.25 85.51
3 6 2637 0.18 0.09 85.81
1 8 2335 0.03 0.39 86.40
1 5 794 0.14 0.3 88.47
3 3 1563 0.22 0.02 85.44
4 1 767 0.31 0.35 51.88
4 6 1004 0.15 0.08 74.65
4 8 339 0.37 0.35 85.51
3 10 1382 0.09 0.05 85.29
1 9 223 0.35 0.33 87.95
2 1 143 0.18 0.4 84.55
3 10 545 0.11 0.15 86.10
2 1 415 0.11 0.16 84.85
1 10 2335 0.28 0.36 87.29
3 6 2953 0.29 0.13 85.37
3 7 2611 0.13 0.06 84.41
1 3 739 0.08 0.01 85.96
2 5 1701 0.08 0.27 84.63
3 3 1621 0.32 0.26 84.55
2 8 247 0.14 0.28 86.47
3 1 2811 0.03 0.35 84.48
2 3 770 0.4 0.39 83.96