1 0 1630 0.31 0.3 85.74
5 22 566 0.0 0.48 50.78
5 0 1362 0.25 0.29 88.62
1 19 2024 0.07 0.09 89.21
7 2 1919 0.25 0.31 50.78
1 14 1087 0.08 0.26 88.54
1 3 1786 0.2 0.35 86.84
5 1 218 0.29 0.18 51.88
0 7 1087 0.51 0.17 88.69
2 14 2047 0.08 0.0 87.73
3 13 1472 0.36 0.31 87.66
1 0 1143 0.46 0.39 85.44
6 10 1501 0.11 0.6 50.78
3 13 1858 0.49 0.02 86.84
2 5 2039 0.52 0.48 88.03
3 15 1222 0.06 0.21 86.70
0 0 1919 0.26 0.01 88.99
1 22 1625 0.42 0.05 88.47
6 7 2026 0.0 0.15 51.88
2 12 1702 0.0 0.34 87.58
1 10 255 0.23 0.1 90.10
4 22 2046 0.34 0.13 87.88
2 21 1724 0.28 0.05 88.32
0 25 511 0.52 0.35 88.77
5 10 1987 0.28 0.27 50.78
7 14 15 0.42 0.5 49.67
3 4 967 0.5 0.53 87.51
4 5 920 0.55 0.6 84.77
4 29 1998 0.14 0.32 87.36
3 16 1890 0.54 0.27 87.80
6 17 1655 0.4 0.18 51.88
4 4 2010 0.52 0.2 86.55
6 8 724 0.32 0.03 51.88
3 18 2045 0.23 0.51 87.80
4 19 735 0.0 0.23 87.07
0 11 400 0.42 0.24 89.36
4 20 1471 0.27 0.4 88.25
0 26 1087 0.18 0.21 89.21
3 2 1535 0.04 0.29 84.63
1 21 1984 0.58 0.23 88.77
1 16 548 0.26 0.56 89.50
3 18 1886 0.25 0.01 88.32
4 19 42 0.21 0.45 78.64
6 17 1867 0.6 0.42 49.67
3 9 2011 0.42 0.05 87.21
7 0 1307 0.1 0.18 88.84
4 28 1023 0.1 0.55 88.62
2 24 652 0.35 0.2 87.88
5 9 327 0.33 0.33 50.78
0 1 2043 0.25 0.02 88.10
1 13 1856 0.16 0.14 88.91
3 14 743 0.35 0.29 87.66
7 3 755 0.35 0.27 50.78
1 6 1127 0.07 0.19 88.99
5 22 1814 0.03 0.06 58.24
3 6 2045 0.23 0.2 87.88
4 11 495 0.62 0.05 87.58
5 7 1378 0.04 0.36 50.78
5 10 2045 0.09 0.45 53.95
2 19 1818 0.18 0.58 87.88
6 22 1120 0.16 0.43 50.78
1 10 1790 0.15 0.09 89.58
0 4 1905 0.46 0.42 88.99
0 7 1983 0.16 0.27 89.36
4 11 415 0.23 0.36 88.17
4 16 1153 0.31 0.01 51.88
5 5 1935 0.04 0.19 51.88
7 4 1344 0.61 0.27 50.78
3 10 607 0.09 0.21 86.92
6 15 895 0.04 0.06 51.88
7 10 1286 0.17 0.24 51.88
1 7 1919 0.36 0.31 88.91
7 10 163 0.13 0.18 51.88
6 0 1617 0.46 0.54 88.47
5 13 1791 0.28 0.01 51.88
7 10 1500 0.11 0.43 50.78
0 14 405 0.33 0.12 89.58
3 0 597 0.04 0.46 89.14
2 13 1279 0.31 0.3 89.43
7 16 2039 0.21 0.37 50.78
7 26 2023 0.07 0.37 50.78
2 10 1403 0.48 0.56 88.54
6 4 1468 0.53 0.12 51.88
0 1 1989 0.48 0.53 89.36
4 7 1917 0.21 0.36 86.70
5 26 240 0.03 0.25 51.88
4 6 1837 0.09 0.3 87.66
0 5 2026 0.04 0.48 88.84
5 22 901 0.04 0.25 58.68
1 12 1983 0.35 0.34 89.06
3 9 1395 0.2 0.56 87.88
0 18 2043 0.38 0.35 88.84
2 25 1142 0.32 0.29 88.03
0 25 255 0.1 0.1 90.17
7 9 1334 0.1 0.23 51.88
4 5 2045 0.12 0.24 86.92
1 13 2045 0.6 0.26 89.43
1 22 631 0.49 0.6 88.40
5 2 1917 0.07 0.49 50.78
0 0 87 0.41 0.43 89.58
