2 9 1749 0.01 0.12 87.58
1 10 1854 0.1 0.39 87.66
1 7 2336 0.36 0.17 86.33
3 6 2760 0.06 0.24 85.07
4 7 1506 0.17 0.07 87.29
1 8 1117 0.15 0.34 87.58
3 6 2195 0.31 0.4 84.77
2 4 1108 0.29 0.06 87.21
3 2 1975 0.08 0.13 84.26
1 1 356 0.13 0.31 84.18
3 8 2580 0.38 0.17 86.10
1 7 1956 0.18 0.04 86.33
1 10 247 0.24 0.32 87.88
3 1 2293 0.11 0.37 84.26
1 1 925 0.22 0.1 83.96
2 10 2690 0.39 0.07 86.92
1 2 1516 0.08 0.4 83.59
4 10 358 0.18 0.02 51.88
3 10 2929 0.04 0.07 86.03
2 8 2165 0.39 0.22 85.51
2 1 252 0.18 0.2 84.26
4 4 2360 0.32 0.33 84.33
4 4 1877 0.05 0.26 84.55
4 7 364 0.04 0.1 62.60
2 2 864 0.14 0.28 84.55
3 8 2429 0.29 0.16 86.70
4 9 452 0.23 0.29 86.10
2 9 578 0.22 0.03 86.18
3 4 780 0.27 0.07 86.77
4 10 2751 0.38 0.1 85.22
2 7 2241 0.01 0.39 86.70
1 4 1458 0.29 0.15 85.00
1 1 1131 0.3 0.16 84.48
1 7 1623 0.28 0.39 87.95
1 7 2772 0.28 0.19 86.99
3 8 1623 0.16 0.17 86.99
2 1 2841 0.09 0.11 84.70
4 10 1635 0.36 0.23 85.74
2 4 652 0.16 0.3 86.18
1 9 1139 0.18 0.36 87.88
4 10 691 0.31 0.21 86.33
1 9 492 0.06 0.12 87.58
2 2 640 0.17 0.12 86.10
3 10 108 0.06 0.06 84.77
2 8 1751 0.24 0.01 86.70
3 1 1418 0.11 0.39 84.55
3 3 2572 0.02 0.13 84.33
4 1 699 0.29 0.32 51.88
4 6 898 0.22 0.1 85.00
2 4 1224 0.12 0.26 84.70
4 1 2014 0.23 0.4 51.88
2 2 918 0.02 0.11 83.67
1 10 1573 0.38 0.16 86.99
3 9 1142 0.22 0.21 86.47
4 5 727 0.27 0.01 51.88
2 10 1561 0.22 0.4 87.36
1 1 248 0.28 0.06 84.41
3 1 1699 0.15 0.17 84.48
2 2 1336 0.18 0.33 83.74
3 2 1643 0.28 0.36 83.59
4 5 2181 0.06 0.12 86.84
3 9 1863 0.37 0.27 86.92
2 5 1896 0.25 0.13 86.47
2 6 354 0.15 0.11 85.07
1 9 642 0.11 0.35 87.21
3 1 702 0.15 0.06 62.68
4 5 2073 0.2 0.07 85.81
4 9 1546 0.4 0.14 87.73
1 5 330 0.03 0.28 88.10
1 9 1583 0.21 0.09 87.21
1 2 947 0.14 0.04 86.03
1 10 2427 0.08 0.08 89.21
4 4 755 0.24 0.16 84.77
1 4 834 0.32 0.35 86.55
1 8 2495 0.39 0.17 86.47
4 10 2389 0.4 0.02 85.74
2 9 463 0.28 0.4 87.51
4 10 544 0.31 0.14 85.96
1 9 980 0.12 0.3 86.84
4 8 2278 0.3 0.27 86.25
2 5 1613 0.08 0.34 86.62
1 1 1274 0.13 0.11 83.96
1 6 386 0.39 0.31 85.88
1 8 2175 0.09 0.33 88.47
1 3 2643 0.25 0.11 86.84
4 7 727 0.05 0.06 74.28
3 4 2221 0.01 0.05 85.37
2 7 1933 0.4 0.01 87.07
2 3 846 0.17 0.03 84.48
3 6 2324 0.34 0.26 85.88
3 4 626 0.13 0.3 84.92
1 1 996 0.14 0.25 84.92
1 3 2511 0.19 0.21 84.63
2 3 1510 0.3 0.13 86.55
1 8 1963 0.29 0.38 87.07
1 4 2704 0.24 0.09 87.07
1 10 2156 0.08 0.27 86.33
1 7 826 0.26 0.17 86.70
4 4 1575 0.26 0.11 84.18
1 7 1168 0.14 0.36 87.58