0 5 1856 0.15 0.52 89.50
5 3 1457 0.35 0.17 51.88
5 3 765 0.25 0.2 51.88
3 0 423 0.63 0.52 88.77
1 5 1984 0.0 0.0 88.32
6 8 1023 0.2 0.26 51.88
0 30 1007 0.55 0.07 89.06
5 3 2046 0.38 0.56 49.67
0 1 1535 0.09 0.24 89.06
2 0 2043 0.24 0.35 88.54
5 0 1533 0.14 0.0 88.69
4 11 671 0.33 0.14 87.44
1 8 1074 0.43 0.3 90.10
2 4 1087 0.1 0.17 87.21
1 1 1383 0.37 0.62 85.14
6 14 1406 0.08 0.39 50.78
5 22 2033 0.17 0.2 69.70
1 0 213 0.03 0.28 86.77
7 1 1530 0.14 0.3 50.78
1 1 87 0.39 0.41 84.92
0 2 35 0.13 0.08 87.21
0 13 2020 0.4 0.31 89.21
3 9 1794 0.0 0.63 88.32
6 0 1563 0.07 0.26 88.32
0 5 1149 0.55 0.22 89.87
0 15 706 0.34 0.32 89.80
6 8 1523 0.03 0.06 51.88
3 23 991 0.03 0.27 87.29
4 26 767 0.32 0.45 88.25
1 0 1532 0.37 0.56 85.66
4 11 1791 0.02 0.62 87.07
4 8 1695 0.24 0.37 88.69
5 17 2043 0.24 0.2 66.00
0 0 2031 0.27 0.48 89.50
0 26 1791 0.53 0.07 89.43
4 5 1657 0.49 0.3 86.55
5 8 1023 0.28 0.57 50.78
2 10 1019 0.4 0.04 89.14
6 21 239 0.34 0.4 50.78
3 2 44 0.58 0.06 51.88
1 22 920 0.34 0.41 88.40
0 7 1931 0.02 0.32 88.62
1 21 995 0.26 0.02 88.62
0 16 2012 0.24 0.39 89.21
1 3 787 0.17 0.6 86.84
2 4 1021 0.13 0.28 86.70
1 30 2046 0.54 0.44 87.95
0 1 486 0.21 0.41 88.84
0 17 1433 0.03 0.03 88.47
3 18 1189 0.27 0.48 88.47
0 5 646 0.23 0.16 88.77
5 26 1535 0.2 0.17 72.88
0 9 1534 0.0 0.34 88.54
1 14 2042 0.14 0.05 89.21
2 3 255 0.19 0.31 86.03
4 8 2039 0.35 0.31 87.88
1 2 1885 0.46 0.11 85.00
3 15 1023 0.18 0.24 88.40
0 17 2046 0.54 0.15 88.25
0 26 1919 0.12 0.11 88.99
4 0 1015 0.35 0.23 88.54
5 21 1895 0.38 0.6 81.08
4 0 827 0.39 0.56 88.99
0 2 2007 0.29 0.34 89.58
6 8 310 0.15 0.0 50.78
1 11 542 0.23 0.31 89.65
0 1 382 0.13 0.16 89.28
7 26 1821 0.5 0.01 51.88
5 4 831 0.18 0.29 50.78
1 24 155 0.51 0.33 89.36
1 8 2037 0.25 0.35 89.58
1 5 1599 0.05 0.07 88.47
6 1 246 0.62 0.37 49.67
6 0 891 0.12 0.06 88.54
0 3 714 0.3 0.39 88.69
0 6 1085 0.33 0.37 88.84
6 10 1823 0.16 0.48 50.78
0 24 1502 0.41 0.2 88.47
5 10 1909 0.63 0.32 50.78
4 0 1835 0.4 0.12 88.17
0 16 2046 0.17 0.61 88.99
0 29 1790 0.25 0.01 88.99
3 12 2046 0.5 0.32 87.51
0 21 2045 0.12 0.4 88.91
7 3 1919 0.09 0.37 50.78
3 5 991 0.07 0.24 87.21
2 8 1732 0.0 0.25 87.95
2 21 420 0.48 0.43 87.66
2 22 2032 0.09 0.17 87.88
1 13 1759 0.21 0.31 88.40
0 21 943 0.52 0.4 88.32
3 8 1661 0.06 0.57 88.54
1 0 1498 0.0 0.5 86.03
7 28 1983 0.49 0.57 49.67
2 26 810 0.48 0.56 88.40
3 28 1160 0.5 0.35 88.47
0 26 1214 0.48 0.5 88.40
5 10 1542 0.0 0.23 51.88
6 0 1806 0.5 0.35 87.80
3 24 2042 0.44 0.52 88.54
